    0 0
    1 0
    2 0
    10 0
    2147483647 0
    0 1
    1 1
    2 1
    10 1
    2147483647 1
    10 2
    2147483647 2
    10 3
    5 5
    6 9
    0 10
    6 18
    6 27
    1009 1000
    1000 1009
    20 10000
    20 100000
    1073741824 1000000
    43213 93390991
    123456789 123456871
    123456789 123456873
    123456789 123456790
    123456789 124880621
    123456789 124925329
    43213 906190609
    1073741824 1073741824
    2147483647 1073741824
    0 2147483647
    1 2147483647
    2 2147483647
    1073741824 2147483647
    2147483647 2147483647
